Latitude: 16.504298, Longitude: 80.665463, Timestamp: 2024-08-31T14:25:14.680Z
Latitude: 16.504298, Longitude: 80.665464, Timestamp: 2024-09-01T02:00:10.352Z
Latitude: 16.504298, Longitude: 80.665464, Timestamp: 2024-09-01T02:00:20.347Z
